0 3 1
0 6 754
0 11 276
0 18 726
0 19 207
0 22 388
0 24 44
0 26 552
0 38 924
0 42 881
0 48 635
0 50 289
0 60 493
0 71 82
0 81 786
0 83 150
0 85 292
0 86 281
0 90 773
0 95 235
0 96 460
1 2 336
1 4 548
1 15 158
1 16 743
1 25 257
1 28 596
1 29 28
1 36 306
1 37 2
1 46 430
1 55 943
1 57 722
1 58 561
1 60 338
1 65 370
1 71 508
1 74 555
1 79 664
1 82 411
1 84 328
2 3 337
2 5 215
2 8 903
2 15 125
2 16 633
2 37 375
2 39 956
2 49 8
2 60 868
2 67 892
2 87 182
2 89 365
2 95 672
3 6 126
3 8 384
3 9 556
3 11 777
3 12 360
3 16 670
3 26 230
3 30 497
3 34 371
3 48 572
3 49 426
3 50 602
3 55 310
3 58 248
3 60 753
3 65 810
3 68 629
3 71 12
3 73 529
3 83 229
3 88 957
4 5 947
4 12 75
4 18 245
4 19 925
4 20 883
4 25 582
4 26 813
4 30 439
4 36 96
4 39 454
4 55 180
4 64 622
4 68 89
4 80 758
4 89 299
4 92 841
4 93 510
5 9 298
5 10 381
5 16 48
5 17 154
5 19 344
5 25 32
5 31 517
5 32 931
5 35 279
5 36 444
5 37 706
5 41 277
5 43 942
5 56 696
5 57 149
5 58 163
5 61 742
5 72 802
5 77 305
5 78 20
5 80 356
5 93 642
5 94 435
6 11 65
6 14 468
6 29 589
6 31 713
6 33 485
6 38 251
6 43 420
6 48 295
6 49 73
6 51 934
6 57 827
6 66 21
6 69 611
6 70 930
6 73 749
6 74 872
6 91 790
6 95 284
6 99 413
7 8 789
7 9 512
7 10 752
7 13 679
7 16 249
7 23 698
7 38 852
7 39 17
7 44 345
7 45 816
7 47 907
7 49 858
7 56 494
7 61 959
7 67 427
7 80 131
7 89 771
8 12 412
8 13 204
8 15 219
8 16 502
8 20 826
8 21 467
8 28 399
8 31 450
8 33 724
8 41 104
8 54 663
8 56 222
8 59 465
8 62 801
8 63 16
8 76 760
8 77 929
8 78 423
8 81 54
8 94 723
8 95 169
9 12 324
9 28 701
9 32 448
9 34 732
9 36 739
9 61 327
9 63 38
9 64 451
9 69 359
9 70 891
9 76 491
9 77 256
9 82 649
9 85 500
9 91 123
9 96 933
10 11 172
10 22 859
10 33 109
10 36 102
10 67 767
10 74 794
10 75 831
10 86 392
10 88 47
10 90 343
10 99 873
11 13 501
11 15 954
11 17 750
11 36 41
11 46 884
11 55 62
11 62 24
11 72 386
11 83 422
11 88 647
11 90 376
11 94 830
11 95 200
11 96 614
12 13 358
12 15 129
12 17 22
12 19 352
12 25 241
12 26 36
12 33 199
12 34 660
12 38 85
12 43 187
12 45 960
12 51 265
12 57 314
12 62 504
12 65 601
12 75 152
12 76 130
12 85 366
12 86 823
12 95 687
13 14 312
13 16 70
13 26 671
13 29 592
13 34 414
13 39 499
13 40 302
13 47 909
13 57 122
13 58 833
13 59 432
13 64 369
13 69 94
13 72 875
13 74 904
13 76 652
13 81 387
13 82 13
13 84 368
13 97 167
13 99 755
14 22 509
14 26 233
14 27 288
14 28 92
14 36 636
14 39 737
14 44 320
14 46 101
14 51 848
14 52 146
14 54 761
14 58 373
14 59 326
14 62 134
14 63 416
14 64 944
14 69 882
14 87 854
14 88 756
14 96 958
14 98 440
15 16 457
15 26 876
15 30 11
15 31 342
15 36 303
15 43 804
15 47 626
15 48 391
15 55 846
15 58 105
15 61 95
15 63 806
15 67 784
15 72 745
15 73 106
15 79 178
15 83 793
15 91 100
15 92 898
15 93 853
15 98 558
16 23 631
16 24 214
16 55 161
16 57 220
16 63 530
16 68 262
16 70 185
16 77 34
16 79 60
16 85 33
16 86 829
16 96 138
16 97 711
16 99 857
17 30 902
17 31 296
17 40 461
17 42 225
17 67 52
17 70 594
17 79 779
17 87 480
17 89 939
17 91 290
17 92 132
17 96 952
17 98 781
18 21 453
18 29 644
18 33 151
18 39 866
18 43 523
18 48 258
18 49 433
18 53 228
18 54 15
18 56 843
18 63 541
18 69 764
18 80 919
18 81 587
18 86 224
18 89 579
18 90 707
19 33 639
19 35 170
19 39 782
19 42 174
19 50 61
19 52 514
19 61 879
19 69 389
19 75 890
19 79 536
19 87 788
19 90 66
20 21 403
20 29 885
20 37 84
20 41 267
20 43 329
20 47 640
20 55 261
20 58 731
20 63 651
20 72 792
20 75 445
20 85 616
20 86 404
20 98 597
21 23 871
21 29 702
21 32 64
21 33 98
21 34 76
21 36 10
21 40 239
21 42 615
21 50 708
21 58 280
21 59 865
21 64 78
21 71 177
21 86 348
21 88 437
21 90 736
21 94 617
22 25 72
22 26 719
22 35 654
22 37 264
22 52 194
22 53 515
22 55 57
22 58 175
22 59 599
22 62 351
22 69 577
22 71 86
22 74 311
22 76 118
22 87 6
22 91 807
22 92 678
22 95 472
22 96 877
23 24 593
23 25 627
23 29 108
23 32 783
23 38 29
23 43 393
23 44 528
23 52 240
23 58 560
23 59 431
23 60 606
23 68 63
23 73 297
23 79 470
23 80 184
23 81 564
24 25 668
24 26 456
24 34 769
24 36 69
24 37 837
24 46 950
24 47 425
24 64 645
24 69 307
24 71 145
24 83 421
24 85 367
24 91 893
24 95 927
24 96 156
24 98 748
25 33 586
25 34 282
25 37 519
25 47 766
25 65 921
25 66 834
25 67 346
25 74 522
25 75 531
25 82 452
25 83 704
25 85 315
25 89 527
25 91 539
25 97 845
25 98 949
25 99 578
26 29 319
26 58 484
26 63 210
26 66 808
26 67 744
26 70 619
26 73 535
26 77 162
26 92 655
26 96 656
26 98 714
27 38 513
27 50 115
27 62 99
27 68 918
27 69 608
27 71 905
27 75 227
27 80 212
27 82 951
27 85 322
27 97 56
28 45 567
28 47 244
28 48 554
28 49 374
28 50 850
28 59 648
28 63 308
28 67 765
28 70 699
28 74 496
28 76 953
28 83 51
28 89 153
28 92 709
28 99 67
29 32 119
29 39 955
29 46 553
29 48 443
29 49 334
29 55 195
29 57 894
29 69 14
29 72 785
29 81 740
29 82 238
29 86 93
29 91 507
29 95 141
29 96 811
29 98 941
30 32 479
30 37 613
30 61 419
30 63 415
30 68 932
30 90 395
30 91 397
30 93 23
31 33 405
31 36 179
31 39 516
31 41 537
31 49 294
31 51 142
31 53 526
31 54 398
31 59 88
31 64 243
31 74 575
31 76 559
31 78 137
31 79 935
31 86 680
31 90 521
31 91 686
32 33 818
32 36 442
32 42 79
32 46 55
32 61 490
32 62 304
32 64 856
32 74 49
32 77 550
32 78 462
32 79 357
32 81 620
32 94 625
32 96 183
32 97 922
33 37 313
33 41 382
33 48 638
33 51 481
33 61 643
33 72 795
33 73 263
33 79 164
33 92 353
34 37 506
34 41 738
34 44 915
34 48 135
34 52 667
34 53 97
34 58 861
34 62 778
34 68 74
34 72 309
34 81 111
34 95 317
34 96 612
35 37 609
35 49 815
35 50 581
35 54 68
35 55 948
35 61 188
35 68 763
35 70 350
35 73 278
35 76 768
35 77 206
35 92 762
35 93 562
35 95 847
35 96 821
35 99 364
36 37 658
36 44 637
36 47 825
36 52 886
36 55 486
36 66 247
36 83 160
36 86 201
36 88 19
36 89 787
36 92 469
36 99 50
37 40 544
37 41 916
37 43 173
37 56 474
37 57 103
37 58 720
37 65 662
37 77 926
37 78 165
37 84 189
37 86 478
37 91 938
37 95 842
37 96 331
37 97 940
37 98 498
38 41 684
38 48 127
38 54 242
38 55 323
38 65 236
38 77 43
38 84 266
38 89 18
38 95 318
39 42 604
39 49 936
39 50 568
39 56 237
39 64 217
39 77 168
39 86 511
39 88 682
39 90 641
39 99 583
40 41 91
40 43 628
40 52 349
40 61 147
40 63 585
40 64 361
40 85 650
40 94 718
40 97 828
40 98 860
41 45 928
41 49 832
41 50 77
41 52 912
41 58 727
41 59 434
41 64 272
41 66 824
41 68 354
41 85 897
42 51 192
42 57 573
42 62 42
42 65 570
42 71 211
42 73 899
42 74 735
42 76 571
42 77 503
42 79 880
42 82 775
42 84 543
42 90 255
42 91 143
42 96 120
42 98 566
42 99 473
43 54 911
43 59 25
43 62 574
43 65 321
43 74 895
43 77 715
43 78 31
43 83 532
43 85 547
43 88 888
43 99 712
44 50 355
44 52 402
44 53 347
44 55 275
44 57 691
44 58 540
44 62 45
44 64 26
44 65 252
44 68 733
44 70 487
44 73 377
44 77 889
44 87 80
44 89 385
44 93 796
44 96 193
45 48 822
45 53 610
45 58 37
45 61 128
45 63 333
45 66 339
45 73 495
45 78 274
45 80 805
45 83 849
45 85 729
45 90 812
45 92 820
46 49 234
46 50 114
46 53 595
46 55 910
46 69 330
46 70 424
46 89 208
47 58 867
47 63 817
47 71 683
47 72 538
47 76 803
47 77 186
47 79 409
47 81 394
47 82 659
47 88 549
47 89 591
47 90 864
48 66 800
48 75 809
48 77 223
48 79 246
48 84 489
48 95 798
49 53 417
49 66 716
49 81 406
49 82 396
49 86 492
49 91 757
49 93 945
49 94 624
49 96 665
50 52 390
50 58 463
50 68 190
50 79 669
50 81 27
50 83 196
51 53 71
51 54 139
51 56 900
51 59 203
51 60 283
51 61 436
51 64 198
51 77 171
51 78 410
51 79 166
51 80 797
51 86 896
51 98 557
52 56 851
52 59 379
52 68 181
52 70 107
52 71 605
52 72 148
52 80 634
52 85 791
52 90 449
52 99 746
53 60 588
53 66 534
53 67 598
53 78 90
53 79 913
53 80 9
53 82 576
53 83 705
53 89 291
53 95 676
54 57 202
54 65 30
54 75 408
54 81 205
54 89 545
55 57 429
55 59 878
55 68 855
55 82 362
55 86 703
55 98 836
56 71 770
56 74 213
56 84 140
56 89 533
56 97 689
57 59 176
57 66 476
57 69 428
57 74 87
57 78 441
57 80 121
57 85 300
57 87 209
57 89 946
57 90 341
57 95 293
57 97 400
58 68 458
58 70 81
59 65 335
59 70 694
59 73 197
59 78 657
59 92 630
59 95 383
59 96 260
59 97 681
60 62 565
60 64 869
60 75 254
60 78 725
60 85 112
60 92 741
60 94 253
61 63 270
61 66 477
61 71 693
61 86 661
61 97 542
62 63 734
62 64 584
62 72 692
62 73 459
62 75 271
62 76 5
62 78 116
62 83 83
62 84 862
62 85 819
62 87 113
62 92 35
63 68 728
63 70 401
63 84 301
63 87 546
64 69 674
64 70 721
64 72 600
64 73 923
64 74 914
64 77 751
64 78 673
64 83 446
64 85 287
64 89 7
64 93 117
65 72 273
65 75 646
65 78 690
65 79 717
65 87 332
65 91 607
65 97 231
65 98 937
66 67 835
66 68 191
66 81 316
66 83 759
66 89 471
66 93 482
66 94 466
67 69 677
67 71 216
67 73 447
67 83 232
67 89 710
67 95 144
67 97 688
68 73 110
68 75 632
68 79 268
68 90 488
68 92 155
68 96 455
69 70 675
69 80 438
69 86 250
69 88 221
70 76 524
70 78 666
70 83 590
70 90 378
70 91 838
70 92 53
70 98 917
71 72 844
71 77 920
71 99 747
72 77 380
72 87 483
72 91 372
73 76 286
73 82 700
73 84 363
73 85 269
73 87 40
73 99 906
74 85 580
74 86 4
74 90 46
74 98 901
75 80 58
75 86 730
75 87 59
75 96 551
76 81 39
76 99 695
77 78 697
77 84 325
77 91 772
77 95 603
78 79 774
78 82 157
78 98 908
79 83 407
79 85 136
79 86 623
79 87 887
79 88 840
79 95 285
81 99 218
82 86 874
82 89 621
82 91 863
82 95 259
82 96 653
83 96 685
84 89 799
84 97 839
85 99 340
86 89 776
86 90 518
86 94 505
86 99 159
87 88 464
87 91 3
87 92 520
87 96 133
88 91 870
88 95 780
88 98 226
88 99 418
90 93 569
92 93 814
92 94 525
92 99 124
93 99 618
95 96 563
96 98 475
